Time08.54: 2.5375
Time09.09: 2.5375
Time09.24: 2.5375
Time09.39: 2.5375
Time09.54: 2.54063
Time10.09: 2.55
Time10.24: 2.55
Time10.39: 2.55313
