Time12.01: 3.81875
Time13.01: 3.74375
Time14.01: 3.69375
Time15.01: 3.64688
Time16.01: 3.60625
Time17.01: 3.57188
Time18.02: 3.54063
Time19.02: 3.50938
Time20.02: 3.48125
Time21.02: 3.45312
Time22.02: 3.42813
Time23.02: 3.40625
Time00.02: 3.38438
Time01.02: 3.3625
Time02.02: 3.34063
Time03.02: 3.32188
Time04.02: 3.30313
Time05.02: 3.2875
Time06.02: 3.26875
Time07.02: 3.25312
Time08.02: 3.2375
Time09.02: 3.225
Time10.02: 3.20938
Time11.02: 3.19688
Time12.02: 3.18125
Time13.02: 3.16875
Time14.02: 3.15625
Time15.02: 3.14375
Time16.02: 3.13125
Time17.02: 3.11875
Time18.02: 3.10938
Time19.02: 3.09687
Time20.02: 3.0875
Time21.02: 3.07812
Time22.02: 3.06562
Time23.02: 3.05625
Time00.02: 3.04688
Time01.02: 3.0375
Time02.02: 3.03125
Time03.02: 3.02188
Time04.02: 3.0125
Time05.02: 3.00625
Time06.02: 2.99688
Time07.02: 2.99063
Time08.02: 2.98125
Time09.02: 2.975
Time10.02: 2.96875
Time11.02: 2.9625
Time12.02: 2.95312
Time13.02: 2.94688
Time14.02: 2.94062
Time15.02: 2.93438
Time16.02: 2.92813
Time17.02: 2.92188
Time18.02: 2.91563
Time19.02: 2.90937
Time20.02: 2.90313
Time21.02: 2.89688
Time22.02: 2.89062
Time23.02: 2.88438
Time00.02: 2.87812
Time01.02: 2.875
Time02.02: 2.86875
Time03.02: 2.8625
Time04.02: 2.85625
Time05.02: 2.85313
Time06.02: 2.84687
Time07.02: 2.84063
Time08.03: 2.8375
Time09.03: 2.83125
Time10.03: 2.82812
Time11.03: 2.82188
Time12.03: 2.81875
Time13.03: 2.8125
Time14.03: 2.80938
Time15.03: 2.80313
Time16.03: 2.8
Time17.03: 2.79688
Time18.03: 2.79063
Time19.03: 2.7875
Time20.03: 2.78125
Time21.03: 2.77813
Time22.03: 2.775
Time23.03: 2.76875
Time00.03: 2.76562
Time01.03: 2.7625
Time02.03: 2.75625
Time03.03: 2.75312
Time04.03: 2.75
Time05.03: 2.74375
Time06.03: 2.74063
Time07.03: 2.7375
Time08.03: 2.73438
Time09.03: 2.72813
Time10.03: 2.725
Time11.03: 2.72187
Time12.03: 2.71875
Time13.03: 2.71563
Time14.03: 2.7125
Time15.03: 2.70938
Time16.03: 2.70625
Time17.03: 2.70312
Time18.03: 2.69688
Time19.03: 2.69375
Time20.03: 2.69062
Time21.03: 2.6875
Time22.03: 2.68438
Time23.03: 2.68125
Time00.03: 2.67813
Time01.03: 2.675
Time02.03: 2.67188
Time03.03: 2.66875
Time04.03: 2.66563
Time05.03: 2.6625
Time06.03: 2.65937
