Time32.16: 2.73125
Time32.21: 2.73125
Time32.26: 2.73438
Time32.31: 2.73438
Time32.36: 2.73438
