Time12.26: 2.54688  1
Time12.41: 2.55 1
Time12.56: 2.55 1
Time13.11: 2.55313  1
Time13.26: 2.55625  1
Time13.41: 2.55625  1
Time13.56: 2.55938  1
Time14.11: 2.55938  1
Time14.26: 2.5625   1
Time14.41: 2.56562  1
Time14.56: 2.56562  0
Time15.11: 2.56875  1
Time15.26: 2.56875  0
Time15.41: 2.57188  1
Time15.56: 2.575    1
Time16.11: 2.575    1
Time16.26: 2.57812  0   
Time16.41: 2.57812  0   
Time16.56: 2.57812  0
Time17.11: 2.58125  0
Time17.26: 2.58125  1   
Time17.41: 2.58438  1
Time17.56: 2.58438  1
Time18.11: 2.5875   1
Time18.26: 2.5875   1
Time18.41: 2.5875   1
Time18.56: 2.59063  1
Time19.11: 2.59063  1
Time19.26: 2.59375  1
Time19.41: 2.59375  1
Time19.56: 2.59375  1
Time20.11: 2.59687  1
Time20.26: 2.59687  1
Time20.41: 2.59687  1
Time20.56: 2.6  1
Time21.11: 2.6  1
Time21.26: 2.6  1
Time21.41: 2.60313  0
Time21.56: 2.60313  0
Time22.11: 2.60313  0   
Time22.26: 2.60313  0
Time22.41: 2.60625  0   
Time22.56: 2.60625  1
Time23.11: 2.60625  1
Time23.26: 2.60625  1
Time23.42: 2.60938  0
Time23.57: 2.60938  1
Time00.12: 2.60938  0
Time00.27: 2.60938  0
Time00.42: 2.6125   1
Time00.57: 2.6125   1
Time01.12: 2.6125   1
Time01.27: 2.6125   1
Time01.42: 2.6125   0
Time01.57: 2.61563  1
Time02.12: 2.61563  0
Time02.27: 2.61563  1
Time02.42: 2.61563  0
Time02.57: 2.61875  1
Time03.12: 2.61875  1
Time03.27: 2.61875  1
Time03.42: 2.61875  1
Time03.57: 2.61875  1
Time04.12: 2.62188  0
Time04.27: 2.62188  1
Time04.42: 2.62188  1
Time04.57: 2.62188  1
Time05.12: 2.62188  1
Time05.27: 2.625    1
Time05.42: 2.625    1
Time05.57: 2.625    0
Time06.12: 2.625    0
Time06.27: 2.625    0
Time06.42: 2.625    0
Time06.57: 2.62812  0
Time07.12: 2.62812  0
Time07.27: 2.62812  0
Time07.42: 2.62812  1
Time07.57: 2.62812  1
Time08.12: 2.63125  1
Time08.27: 2.63125  1
Time08.42: 2.63125  0
Time08.57: 2.63125  0
Time09.12: 2.63125  0
Time09.27: 2.63125  1
Time09.42: 2.63125  0
Time09.57: 2.63438  1
Time10.12: 2.63438  0   
Time10.27: 2.63438  1
Time10.42: 2.63438  0
Time10.57: 2.6375   1
Time11.12: 2.6375   1
Time11.27: 2.6375   1
Time11.42: 2.6375   1
Time11.57: 2.6375   1
Time12.12: 2.6375   0
Time12.27: 2.6375   0
Time12.42: 2.64062  1
Time12.57: 2.64062  1
Time13.12: 2.64062  1
Time13.27: 2.64062  0