Time39.2: 2.59375
Time9.03: 2.59375
Time39.4: 2.59063
Time9.05: 2.59063
Time39.6: 2.59063
Time9.07: 2.59063
Time39.8: 2.5875
Time9.09: 2.5875
