Time15.36: 2.5875
Time16.06: 2.58438
Time16.36: 2.58438
Time17.06: 2.58125
Time17.36: 2.58125
