Time17.51: 2.59375
Time18.21: 2.60625
Time18.51: 2.60313
Time19.21: 2.6
Time19.51: 2.60313
Time20.21: 2.60313
Time20.51: 2.59687
Time21.21: 2.6
Time21.51: 2.59687
Time22.21: 2.59687
