Time12.50: 2.51875
Time12.53: 2.51875
Time12.56: 2.51875
Time12.59: 2.51875
Time13.02: 2.51875
Time13.06: 2.51875
Time13.09: 2.51875
Time13.12: 2.51875
Time13.15: 2.51875
Time13.18: 2.51875
Time13.21: 2.51875
Time13.24: 2.52188
Time13.27: 2.52188
Time13.30: 2.52188
Time13.33: 2.52188
Time13.36: 2.52188
Time13.39: 2.52188
Time13.42: 2.52188
Time13.45: 2.52188
Time13.48: 2.52188
Time13.51: 2.52188
Time13.54: 2.52188
Time13.57: 2.52188
Time14.00: 2.525
Time14.03: 2.525
Time14.06: 2.525
Time14.09: 2.525
Time14.12: 2.525
Time14.15: 2.525
Time14.18: 2.525
Time14.21: 2.525
Time14.24: 2.525
Time14.27: 2.525
Time14.30: 2.525
Time14.33: 2.525
Time14.36: 2.525
Time14.39: 2.525
Time14.42: 2.52813
Time14.45: 2.52813
Time14.48: 2.52813
Time14.51: 2.52813
Time14.54: 2.52813
Time14.57: 2.52813
Time15.00: 2.52813
Time15.03: 2.52813
Time15.06: 2.52813
Time15.09: 2.52813
Time15.12: 2.52813
Time15.15: 2.52813
Time15.18: 2.52813
Time15.21: 2.52813
Time15.24: 2.52813
Time15.27: 2.53125
Time15.30: 2.53125
Time15.33: 2.53125
Time15.36: 2.53125
Time15.39: 2.53125
Time15.42: 2.53125
Time15.45: 2.53125
Time15.48: 2.53125
Time15.51: 2.53125
Time15.54: 2.53125
Time15.57: 2.53125
Time16.00: 2.53125
Time16.03: 2.53125
Time16.06: 2.53125
Time16.09: 2.53125
Time16.13: 2.53125
Time16.16: 2.53437
Time16.19: 2.53437
Time16.22: 2.53437
Time16.25: 2.53437
Time16.28: 2.53437
Time16.31: 2.53437
Time16.34: 2.53437
Time16.37: 2.53437
Time16.40: 2.53437
Time16.43: 2.53437
Time16.46: 2.53437
Time16.49: 2.53437
Time16.52: 2.53437
Time16.55: 2.53437
Time16.58: 2.53437
