Time12.12: 2.64688
Time12.15: 2.58125
Time12.18: 2.58125
Time12.21: 2.57812
Time12.24: 2.60313
Time12.27: 2.5875
Time12.30: 2.58125
Time12.33: 2.5875
Time12.36: 2.58438
Time12.39: 2.5875
Time12.42: 2.6
Time12.45: 2.58438
Time12.48: 2.62812
Time12.51: 2.63125
Time12.54: 2.60313
Time12.57: 2.5875
Time13.00: 2.60625
Time13.03: 2.64688
Time13.06: 2.61875
Time13.09: 2.7625
Time13.12: 2.65937
Time13.15: 2.6125
Time13.18: 2.59687
Time13.21: 2.61875
Time13.24: 2.59687
Time13.27: 2.5875
Time13.30: 2.59375
Time13.33: 2.5875
Time13.36: 2.6
Time13.39: 2.59687
Time13.42: 2.59375
Time13.45: 2.60625
Time13.48: 2.59687
Time13.51: 2.60313
Time13.54: 2.64688
Time13.57: 2.58438
Time14.00: 2.625
Time14.03: 2.60625
Time14.06: 2.6375
Time14.09: 2.63438
Time14.12: 2.63438
Time14.15: 2.675
Time14.18: 2.6375
Time14.21: 2.6125
Time14.25: 2.61875
Time14.28: 2.65937
Time14.31: 2.62188
Time14.34: 2.70625
Time14.37: 2.6625
Time14.40: 2.63438
Time14.43: 2.59063
Time14.46: 2.58438
Time14.49: 2.61563
Time14.52: 2.7125
Time14.55: 2.60625
Time14.58: 2.58438
Time15.01: 2.60625
Time15.04: 2.58125
Time15.07: 2.58438
Time15.10: 2.60625
Time15.13: 2.60625
Time15.16: 2.57812
Time15.19: 2.59375
Time15.22: 2.58438
Time15.25: 2.59375
Time15.28: 2.57812
Time15.31: 2.5875
Time15.34: 2.58125
Time15.37: 2.58125
Time15.40: 2.58125
Time15.43: 2.5875
Time15.46: 2.5875
Time15.49: 2.60313
Time15.52: 2.68125
Time15.55: 2.64375
Time15.58: 2.5875
Time16.01: 2.57812
Time16.04: 2.60313
Time16.07: 2.59063
Time16.10: 2.59687
Time16.13: 2.5875
Time16.16: 2.57812
