Time12.12: 2.66563
Time12.15: 2.55625
Time12.18: 2.54375
Time12.21: 2.55313
Time12.24: 2.75
Time12.27: 2.65937
Time12.30: 2.64375
Time12.33: 2.59687
Time12.36: 2.65313
Time12.39: 2.65937
Time12.42: 2.67188
Time12.45: 2.70312
Time12.48: 2.69062
Time12.51: 2.69375
Time12.54: 2.57812
Time12.57: 2.58125
Time13.00: 2.60313
Time13.03: 2.59687
Time13.06: 2.60625
Time13.09: 2.6375
Time13.12: 2.64375
Time13.15: 2.62188
Time13.18: 2.61875
Time13.21: 2.78125
Time13.24: 2.68438
Time13.27: 2.61875
Time13.30: 2.58125
Time13.33: 2.59375
Time13.36: 2.68438
Time13.39: 2.63438
Time13.42: 2.57812
Time13.45: 2.61563
Time13.48: 2.59063
Time13.51: 2.67188
Time13.54: 2.7875
Time13.57: 2.63125
Time14.00: 2.65937
Time14.03: 2.62188
Time14.06: 2.64062
Time14.09: 2.625
Time14.12: 2.67813
Time14.15: 2.70625
Time14.18: 2.5875
Time14.22: 2.56875
Time14.25: 2.575
Time14.28: 2.6625
Time14.31: 2.75312
Time14.34: 2.59063
Time14.37: 2.56875
Time14.40: 2.55313
Time14.43: 2.55313
Time14.46: 2.55938
Time14.49: 2.71563
Time14.52: 2.59687
Time14.55: 2.6875
Time14.58: 2.6625
Time15.01: 2.64688
Time15.04: 2.69688
Time15.07: 2.64375
Time15.10: 2.66563
Time15.13: 2.64688
Time15.16: 2.63125
Time15.19: 2.59375
Time15.22: 2.59375
Time15.25: 2.725
Time15.28: 2.67188
Time15.31: 2.6
Time15.34: 2.74063
Time15.37: 2.65937
Time15.40: 2.63438
Time15.43: 2.60625
Time15.46: 2.59375
Time15.49: 2.60625
Time15.52: 2.69688
Time15.55: 2.59687
Time15.58: 2.675
Time16.01: 2.59687
Time16.04: 2.58125
Time16.07: 2.59687
Time16.10: 2.5875
Time16.13: 2.61563
Time16.16: 2.575
