Time08.14: 2.69375
Time08.29: 2.575
Time08.32: 2.56875
Time08.35: 2.5375
Time08.38: 2.56562
Time08.41: 2.56562
Time08.44: 2.56562
Time08.47: 2.57188
Time08.50: 2.56875
Time08.53: 2.55938
Time08.56: 2.54688
Time08.59: 2.54688
Time09.02: 2.54688
Time09.05: 2.55
Time09.08: 2.57188
Time09.12: 2.55625
Time09.15: 2.55625
Time09.18: 2.55625
Time09.21: 2.55938
Time09.24: 2.55938
Time09.27: 2.58438
Time09.30: 2.5875
Time09.33: 2.5625
Time09.36: 2.58438
Time10.33: 2.55938
Time10.36: 2.55938
Time10.39: 2.55938
Time10.42: 2.55938
Time10.45: 2.55938
Time10.48: 2.55938
Time10.51: 2.55938
Time10.54: 2.55938
Time10.57: 2.55938
Time11.00: 2.5625
Time11.03: 2.5625
Time11.06: 2.5625
Time11.09: 2.5625
Time11.12: 2.5625
Time11.15: 2.5625
Time11.18: 2.5625
Time11.21: 2.5625
Time11.24: 2.5625
Time11.28: 2.5625
Time11.31: 2.5625
Time11.34: 2.5625
Time11.37: 2.5625
Time11.40: 2.5625
Time11.43: 2.5625
Time11.46: 2.5625
Time11.49: 2.5625
Time11.52: 2.5625
Time11.55: 2.5625
Time11.58: 2.5625
Time12.01: 2.5625
Time12.04: 2.56562
Time12.07: 2.5625
Time12.10: 2.56562
Time12.13: 2.56562
Time12.16: 2.56562
Time12.19: 2.56562
Time12.22: 2.56562
Time12.25: 2.56562
Time12.28: 2.56562
Time12.31: 2.56562
Time12.34: 2.56562
Time12.37: 2.56562
Time12.40: 2.56562
Time12.43: 2.56562
Time12.46: 2.56562
Time12.49: 2.56562
Time12.52: 2.56562
Time12.55: 2.56562
Time12.58: 2.56562
Time13.01: 2.56562
Time13.04: 2.56562
Time13.07: 2.56562
Time13.10: 2.56562
Time13.13: 2.56562
Time13.16: 2.56562
Time13.19: 2.56562
Time13.22: 2.56562
Time13.25: 2.56562
Time13.28: 2.56875
Time13.31: 2.56875
Time13.34: 2.56875
Time13.37: 2.56875
Time13.40: 2.56875
Time13.43: 2.56875
Time13.46: 2.56875
Time13.49: 2.56875
Time13.52: 2.56875
Time13.55: 2.56875
Time13.58: 2.56875
Time14.01: 2.56875
Time14.04: 2.56875
Time14.07: 2.56875
Time14.10: 2.56875
Time14.13: 2.56875
Time14.16: 2.56875
Time14.19: 2.56875
Time14.22: 2.56875
Time14.25: 2.56875
Time14.28: 2.56875
Time14.31: 2.56875
Time14.35: 2.56875
Time14.38: 2.56875
Time14.41: 2.56875
Time14.44: 2.56875
Time14.47: 2.56875
Time14.50: 2.56875
Time14.53: 2.56875
Time14.56: 2.56875
Time14.59: 2.56875
Time15.02: 2.57188
Time15.05: 2.57188
Time15.08: 2.57188
Time15.11: 2.57188
Time15.14: 2.57188
Time15.17: 2.57188
Time15.20: 2.57188
Time15.23: 2.57188
Time15.26: 2.57188
Time15.29: 2.57188
Time15.32: 2.57188
Time15.35: 2.57188
Time15.38: 2.57188
