Time11.46: 2.49688
Time11.49: 2.50312
Time11.52: 2.49688
Time11.55: 2.49688
Time11.58: 2.49688
Time12.01: 2.49688
Time12.04: 2.49375
Time12.07: 2.49688
Time12.10: 2.49688
Time12.13: 2.49375
Time12.16: 2.49688
Time12.19: 2.49688
Time12.22: 2.5
Time12.25: 2.49688
Time12.28: 2.49688
Time12.31: 2.49688
Time12.34: 2.49375
Time12.37: 2.49688
Time12.40: 2.49375
Time12.43: 2.49375
Time12.46: 2.49375
Time12.49: 2.49688
Time12.52: 2.49375
Time12.55: 2.49688
Time12.58: 2.49688
Time13.01: 2.49688
Time13.04: 2.49688
Time13.07: 2.49688
Time13.10: 2.49688
Time13.13: 2.49688
Time13.16: 2.49688
Time13.19: 2.49688
Time13.22: 2.49688
Time13.25: 2.49688
Time13.28: 2.49688
Time13.31: 2.49688
Time13.34: 2.49688
Time13.37: 2.49688
Time13.40: 2.49688
Time13.43: 2.49688
Time13.46: 2.49688
Time13.49: 2.49688
Time13.52: 2.5
Time13.55: 2.5
Time13.58: 2.5
Time14.01: 2.5
Time14.04: 2.5
Time14.07: 2.5
Time14.10: 2.5
Time14.13: 2.5
Time14.16: 2.49688
Time14.19: 2.49688
Time14.22: 2.49688
Time14.25: 2.5
Time14.28: 2.5
Time14.31: 2.5
Time14.34: 2.49688
Time14.37: 2.49688
Time14.40: 2.49688
Time14.43: 2.49688
Time14.47: 2.49688
